id	percents1	percents2	percents3	percents4
1				
10010				
10020				
10030				
10040				
10110				
10120				
10180				
10190				
10210				
10220				
10230				
10240				
10250				
10260				
20010				
20020				
20040				
20070				
20080				
20090				
20110				
20120				
20140				
20150				
20230				
20240				
30010				
30020				
30040				
30050				
30080				
30100				
30120				
30150				
30180				
30200				
30220				
30230				
30250				
30260				
30270				
30310				
30320				
30400				
30420				
30430				
30440				
30480				
30490				
30500				
40010				
40020				
40030				
40040				
40050				
40060				
40070				
40120				
40140				
40150				
40190				
40200				
40210				
40220				
40230				
40290				
40310				
40320				
40330				
40350				
40390				
40400				
50010				
50020				
50030				
50040				
50060				
50080				
50100				
50130				
50140				
50180				
50190				
50250				
50260				
50300				
50310				
50320				
60010				
60020				
60030				
60050				
60060				
60070				
60080				
60090				
60110				
60140				
60150				
60160				
60190				
60210				
60280				
60300				
60310				
60320				
60350				
70010				
70030				
70050				
70070				
70090				
70110				
70130				
70220				
70240				
70260				
70280				
70290				
70310				
70330				
70340				
70350				
70360				
70400				
70410				
70420				
70430				
70440				
70450				
71010				
71020				
75010				
75020				
78010				
90010				
90020				
90030				
90040				
90250				
90260				
90270				
90280				
90290				
90300				
90310				
90320				
90330				
90340				
90350				
90360				
90370				
90380				
90410				
90420				
90430				
90440				
90450				
90460				
